initial: 6
0.00036 0.16142 0.05558 0.20741 0.00000 0.57524

transition: 6
0.15899 0.48792 0.35188 0.00028 0.00020 0.00072
0.14164 0.42592 0.26635 0.09107 0.00000 0.07503
0.54788 0.03008 0.06874 0.35278 0.00026 0.00026
0.19465 0.01626 0.00735 0.59103 0.00018 0.19054
0.00181 0.11100 0.00000 0.00000 0.52594 0.36125
0.40094 0.00765 0.00000 0.00000 0.33025 0.26117

observation: 6
0.46175 0.59070 0.17784 0.09857 0.01162 0.09536
0.00879 0.08827 0.53476 0.09281 0.09817 0.08642
0.00125 0.21184 0.19544 0.19252 0.10918 0.31674
0.52810 0.10912 0.08574 0.00000 0.01780 0.39698
0.00011 0.00008 0.00623 0.61609 0.00381 0.10450
0.00000 0.00000 0.00000 0.00000 0.75943 0.00000
