initial: 6
0.48796 0.51204 0.00000 0.00000 0.00000 0.00000

transition: 6
0.24975 0.40257 0.02741 0.31426 0.00328 0.00273
0.01688 0.49858 0.20820 0.00220 0.00254 0.27160
0.03173 0.01009 0.18916 0.75873 0.00538 0.00491
0.00191 0.01750 0.01680 0.24154 0.52654 0.19571
0.00000 0.00002 0.00000 0.00000 0.50183 0.49815
0.80846 0.00055 0.01571 0.17514 0.00014 0.00000

observation: 6
0.00039 0.29758 0.01619 0.09872 0.29926 0.09567
0.07715 0.40312 0.00470 0.09694 0.00002 0.09753
0.42239 0.19646 0.44897 0.29565 0.30248 0.00000
0.50007 0.10284 0.45929 0.40799 0.00000 0.00000
0.00000 0.00001 0.07085 0.10071 0.00010 0.80680
0.00000 0.00000 0.00000 0.00000 0.39813 0.00000
