initial: 6
0.48761 0.51239 0.00000 0.00000 0.00000 0.00000

transition: 6
0.26492 0.40838 0.01742 0.30605 0.00098 0.00227
0.00976 0.50471 0.20326 0.00070 0.00043 0.28114
0.01358 0.00425 0.21445 0.76226 0.00169 0.00377
0.00086 0.01020 0.01106 0.24128 0.53235 0.20425
0.00000 0.00000 0.00000 0.00000 0.50111 0.49889
0.78122 0.00032 0.03660 0.18185 0.00000 0.00000

observation: 6
0.00021 0.29670 0.01130 0.10163 0.29842 0.09699
0.07948 0.40043 0.00117 0.09882 0.00000 0.09890
0.42051 0.19775 0.46551 0.29543 0.30272 0.00000
0.49981 0.10512 0.47881 0.40423 0.00000 0.00000
0.00000 0.00000 0.04321 0.09990 0.00000 0.80411
0.00000 0.00000 0.00000 0.00000 0.39886 0.00000
