initial: 6
0.77249 0.00000 0.05305 0.17447 0.00000 0.00000

transition: 6
0.26663 0.14943 0.41478 0.02969 0.00001 0.13946
0.01986 0.38209 0.56043 0.03762 0.00000 0.00000
0.04605 0.58080 0.04423 0.32847 0.00000 0.00045
0.03255 0.17732 0.00053 0.57342 0.00042 0.21576
0.10788 0.00001 0.00000 0.00000 0.57971 0.31239
0.02859 0.43128 0.00056 0.00000 0.32478 0.21479

observation: 6
0.95537 0.43611 0.25615 0.07297 0.01766 0.09044
0.01587 0.04554 0.47844 0.09372 0.10888 0.07728
0.01729 0.03109 0.24169 0.83253 0.10890 0.32451
0.01147 0.48726 0.02372 0.00077 0.05871 0.41055
0.00000 0.00000 0.00000 0.00000 0.01891 0.09722
0.00000 0.00000 0.00000 0.00000 0.68693 0.00000
