initial: 6
0.78024 0.00000 0.07173 0.14803 0.00000 0.00000

transition: 6
0.32155 0.25101 0.31083 0.00750 0.00163 0.10749
0.22918 0.43641 0.30668 0.02736 0.00002 0.00035
0.04087 0.52512 0.00377 0.38162 0.00316 0.04546
0.04660 0.15077 0.07279 0.50381 0.00279 0.22324
0.10286 0.00182 0.00000 0.00000 0.57764 0.31767
0.12903 0.33197 0.00047 0.00000 0.32117 0.21737

observation: 6
0.69373 0.40061 0.21288 0.07060 0.01849 0.08576
0.02064 0.11250 0.49694 0.01760 0.10896 0.06809
0.26753 0.02742 0.25319 0.16575 0.14027 0.27197
0.01549 0.45769 0.00478 0.00003 0.02304 0.47754
0.00261 0.00179 0.03220 0.74602 0.01630 0.09622
0.00000 0.00000 0.00000 0.00000 0.69295 0.00043
