initial: 6
0.00781 0.15798 0.06826 0.19725 0.00000 0.56871

transition: 6
0.16918 0.52887 0.29388 0.00069 0.00224 0.00513
0.14000 0.45808 0.26266 0.08228 0.00001 0.05698
0.55629 0.04313 0.02718 0.36670 0.00195 0.00476
0.18748 0.02678 0.02483 0.57244 0.00120 0.18727
0.01109 0.10406 0.00000 0.00000 0.53923 0.34563
0.39586 0.01967 0.00002 0.00000 0.34675 0.23770

observation: 6
0.44508 0.56626 0.16584 0.09123 0.01495 0.09346
0.01042 0.10988 0.54415 0.07975 0.09969 0.07901
0.00880 0.18354 0.22821 0.18609 0.11165 0.33006
0.53524 0.14010 0.03997 0.00001 0.02742 0.39236
0.00046 0.00022 0.02184 0.64292 0.00654 0.10511
0.00000 0.00000 0.00000 0.00000 0.73975 0.00000
