initial: 6
0.79230 0.00000 0.05265 0.15506 0.00000 0.00000

transition: 6
0.24143 0.24495 0.37205 0.06048 0.00087 0.08022
0.08657 0.41230 0.46847 0.03265 0.00000 0.00001
0.11944 0.54620 0.00804 0.31848 0.00004 0.00780
0.07073 0.09002 0.00549 0.56154 0.00643 0.26578
0.10631 0.00029 0.00000 0.00000 0.64406 0.24933
0.09484 0.44799 0.01275 0.00000 0.30997 0.13443

observation: 6
0.93875 0.36252 0.19157 0.05819 0.02877 0.08650
0.01647 0.07042 0.52621 0.07909 0.11417 0.05787
0.03089 0.06230 0.27125 0.85906 0.12916 0.32189
0.01388 0.50477 0.01098 0.00366 0.08563 0.44554
0.00000 0.00000 0.00000 0.00000 0.03142 0.08821
0.00000 0.00000 0.00000 0.00000 0.61084 0.00000
