initial: 6
0.77086 0.00000 0.05356 0.17558 0.00000 0.00000

transition: 6
0.30080 0.14188 0.39864 0.01059 0.00003 0.14805
0.22402 0.33951 0.41040 0.02599 0.00000 0.00008
0.01989 0.59528 0.02130 0.35659 0.00055 0.00639
0.01498 0.20002 0.00691 0.57894 0.00029 0.19887
0.10690 0.00013 0.00000 0.00000 0.53241 0.36057
0.03203 0.39161 0.00001 0.00000 0.32330 0.25305

observation: 6
0.67190 0.45703 0.25186 0.08663 0.00936 0.09377
0.02087 0.05473 0.47391 0.08894 0.10789 0.07686
0.29737 0.00756 0.22735 0.19195 0.10707 0.30433
0.00921 0.48041 0.03581 0.00000 0.01693 0.42369
0.00064 0.00027 0.01107 0.63248 0.00629 0.10134
0.00000 0.00000 0.00000 0.00000 0.75245 0.00001
